< python script >

        		case0   case1    case2   case3   case4   case5   case6   case7   case8   

Alpha    		125     88381    89388   6577    227     83158   1789    1780    5001
Reverse  		125     59673    89388   6577    227     83158   1789    1780    5001
Rev+Rela 		125     45490    67128   5033    219     56770   1358    1350    3707
Block    		125     25129    25637   2471    229     17385   1791    1780    3323
Blk+Rela 		125     20404    21211   2049    228     13091   1447    1437    2585
Blk+Rev+Rela	125     19533    34017   2695    253     20625   1457    1447    2720
Counting 		125     19533    21211   2049    219     13091   1358    1350    2585

